T_lidar_camera (camera is reference ^C_P=T_LC* ^L_P):
   0.013392  0.00950979    0.999865  -0.0228991
  -0.999908  0.00220851   0.0133715   -0.014805
-0.00208105   -0.999952  0.00953849  -0.0759145
          0           0           0           1

T_lidar_camera Quaternion ([x, y, z, w]):
-0.500411
 0.494792
-0.498482
 0.506246

T_camera_lidar:
   0.013392   -0.999908 -0.00208105   -0.014655
 0.00950979  0.00220851   -0.999952  -0.0756604
   0.999865   0.0133715  0.00953849   0.0238181
          0           0           0           1

T_camera_lidarQuaternion:
 0.500411
-0.494792
 0.498482
 0.506246
